BERT分类模型结果（加载自保存模型）
==================================================
训练时的最佳准确率: 0.9319
重新评估准确率: 0.9319

分类报告:
              precision    recall  f1-score   support

           0     0.9382    0.9399    0.9390      7784
           1     0.9210    0.9524    0.9364      7389
           2     0.9856    0.9798    0.9827      6285
           3     0.9365    0.9596    0.9479      4427
           4     0.9206    0.8921    0.9061      3003
           5     0.9194    0.8720    0.8951      2446
           6     0.9171    0.9524    0.9344      1997
           7     0.8601    0.8626    0.8613      1768
           8     0.8945    0.8917    0.8931      1569
           9     0.8995    0.8980    0.8987      1176
          10     0.9329    0.7774    0.8481       984
          11     0.9336    0.8754    0.9035       626
          12     0.9162    0.9313    0.9237       364
          13     0.9297    0.9451    0.9373       182

    accuracy                         0.9319     40000
   macro avg     0.9218    0.9093    0.9148     40000
weighted avg     0.9320    0.9319    0.9316     40000
